varying noise level, 5 steps, no weight decay
            task1 task2          task1 task2
.125 0.6198 0.5208 0.0195   0.8150 0.7900 0.0084
.250 0.7226 0.7005 0.0204   0.8473 0.8320 0.0098
.375 0.7162 0.6934 0.0218   0.8354 0.8174 0.0125
.500 0.7692 0.8125 0.0198   0.8563 0.8682 0.0111 ***
.625 0.7537 0.7767 0.0211   0.8380 0.8174 0.0132
.750 0.6888 0.6204 0.0212   0.7891 0.7529 0.0139



-------------------------------------------------------------------------------
varying #steps, no weight decay, noise .250

    test 1                 test2
   mean   median sem      mean   median sem
 2 0.6931 0.6309 0.0206   0.8396 0.8145 0.0101
 5 0.7226 0.7005 0.0204   0.8473 0.8320 0.0098
10 0.7254 0.7194 0.0202   0.8493 0.8350 0.0106 **
15 0.7164 0.6823 0.0213   0.8557 0.8467 0.0099


-------------------------------------------------------------------------------
varying weight decay  noise .250, 5 steps


.0000 0.7226 0.7005 0.0204   0.8473 0.8320 0.0098
.0625 0.6893 0.5833 0.0213   0.8435 0.8213 0.0096
.1250 0.7577 0.7604 0.0202   0.8627 0.8555 0.0098
.2500 0.7185 0.6927 0.0213   0.8528 0.8262 0.0102
.5000 0.7401 0.7467 0.0218   0.8670 0.8604 0.0098
1.000 0.7336 0.6921 0.0205   0.8552 0.8398 0.0098
2.000 0.6855 0.5592 0.0222   0.8414 0.8086 0.0108
4.000 0.6988 0.6452 0.0207   0.8443 0.8184 0.0100
NO    0.5673 0.4870 0.0172   0.7403 0.7217 0.0088 -- no attractor baseline



-------------------------------------------------------------------------------

NOT USED
sc0_noise250_5steps_wtpenalty0.out   -------- initial guess
    0.7226 0.7005 0.0204   0.8473 0.8320 0.0098
sc0_noise500_10steps_wtpenalty.125   -------- 'optimal'
    0.7390 0.7760 0.0208   0.8438 0.8486 0.0116

-------------------------------------------------------------------------------

GRAPH 1:
(a) noise .5, 15 steps, wt decay 0
   0.7775 0.8600 0.0209   0.8574 0.8818 0.0122
(b) no attractors
   sc0_baseline.out                     -------- baseline
   0.5673 0.4870 0.0172   0.7403 0.7217 0.0088
(c) attractor arch trained on task loss
   sc0_prediction.out                   -------- train on prediction task
   0.4821 0.4518 0.0112   0.6146 0.6152 0.0053

GRAPH 2: varying noise level, 15 steps, no weight decay
            task1 task2          task1 task2
.063 0.6275 0.5163 0.0199   0.7967 0.7715 0.0086
.125 0.6337 0.5273 0.0200   0.8083 0.7900 0.0089
.250 0.7164 0.6823 0.0213   0.8557 0.8467 0.0099
.375 0.7335 0.7539 0.0215   0.8482 0.8506 0.0113
.500 0.7775 0.8600 0.0209   0.8574 0.8818 0.0122
.625 0.7058 0.6855 0.0214   0.7972 0.7598 0.0139
.750 0.6885 0.6576 0.0212   0.7805 0.7266 0.0140
NO   0.5673 0.4870 0.0172   0.7403 0.7217 0.0088 -- no attractor baseline

GRAPH 3: varying weight decay  noise .500, 15 steps
.0000 0.7775 0.8600 0.0209   0.8574 0.8818 0.0122
.0625 0.7472 0.8047 0.0227   0.8431 0.8584 0.0134
.1250 0.7568 0.7708 0.0203   0.8579 0.8574 0.0111
.2500 0.7587 0.7747 0.0206   0.8515 0.8428 0.0116
.5000 0.7513 0.7689 0.0201   0.8525 0.8350 0.0113
1.000 0.7495 0.8294 0.0226   0.8615 0.8789 0.0119
2.000 0.7192 0.7233 0.0220   0.8417 0.8213 0.0114
NO   0.5673 0.4870 0.0172   0.7403 0.7217 0.0088 -- no attractor baseline

GRAPH 4:
varying # steps, no weight decay, noise .500

2  0.7352 0.7415 0.0211   0.8404 0.8262 0.0116
5  0.7692 0.8125 0.0198   0.8563 0.8682 0.0111 ***
10 0.7356 0.7702 0.0215   0.8454 0.8359 0.0120
15 0.7775 0.8600 0.0209   0.8574 0.8818 0.0122
NO 0.5673 0.4870 0.0172   0.7403 0.7217 0.0088 -- no attractor baseline
