(2018-05-17): NOISE_ADDED
<NETWORK>:
model_type: 		TANH,
hid: 			10,
h_hid: 			20
n_attractor_iterations: 15,
attractor_dynamics: 	projection2
attractor_noise_level: 	0.5
attractor_noise_type: 	bernoilli
attractor_regu-n: 	l2_regularization(lambda:0.0)
TRAIN/TEST_SIZE: 	256/768, 512, 1024, SEQ_LEN: 10
<RESULTS>:
type: 			mean: 	 var: 	
saved_train_acc 	0.9981 	 0.0000

TRAIN:1.0,1.0,1.0,1.0,0.996094,1.0,1.0,0.996094,0.996094,0.996094,1.0,1.0,1.0,1.0,0.996094,1.0,0.960938,1.0,1.0,1.0,0.996094,1.0,1.0,1.0,1.0,0.992188,1.0,1.0,0.992188,1.0,0.996094,1.0,0.996094,1.0,1.0,0.996094,1.0,1.0,1.0,0.992188,0.992188,1.0,1.0,1.0,1.0,1.0,1.0,0.996094,1.0,0.996094,1.0,0.996094,1.0,0.992188,1.0,0.992188,1.0,1.0,1.0,1.0,1.0,1.0,1.0,1.0,1.0,1.0,1.0,1.0,1.0,1.0,0.992188,1.0,0.996094,0.996094,1.0,1.0,1.0,1.0,1.0,1.0,1.0,0.992188,1.0,0.996094,0.996094,1.0,1.0,1.0,1.0,0.996094,1.0,1.0,1.0,1.0,0.980469,1.0,1.0,0.996094,1.0,1.0
TEST:0.771,0.818,0.921,0.707,0.668,0.780,0.793,0.704,0.928,0.603,0.655,0.603,0.882,0.706,0.793,0.852,0.902,0.699,0.819,0.839,0.910,0.764,0.914,0.772,0.708,0.835,0.674,0.806,0.736,0.928,0.783,0.676,0.746,0.788,0.598,0.736,0.943,0.706,0.655,0.707,0.786,0.755,0.949,0.799,0.762,0.816,0.954,0.764,0.802,0.823,0.754,0.790,0.897,0.770,0.759,0.776,0.620,0.645,0.913,0.957,0.956,0.780,0.727,0.702,0.688,0.935,0.922,0.759,0.664,0.849,0.910,0.758,0.720,0.487,0.789,0.969,0.693,0.684,0.736,0.522,0.960,0.837,0.896,0.901,0.746,0.712,0.796,0.956,0.829,0.728,0.900,0.634,0.730,0.829,0.729,0.879,0.836,0.784,0.805,0.803,
ATT_LOSS:0.1418,0.1399,0.0847,0.1204,0.1312,0.1421,0.1689,0.1451,0.1311,0.2304,0.1979,0.0992,0.1707,0.1110,0.1338,0.1001,1.0608,0.1481,0.0950,0.1183,0.2912,0.1886,0.2647,0.1734,0.1307,0.2192,0.3861,0.1152,0.1422,0.1596,0.1595,0.1666,0.1378,0.1150,0.1321,0.2158,0.1532,0.2491,0.0935,0.1594,0.2995,0.1650,0.2121,0.2551,0.3233,0.5839,0.1892,0.1058,0.1408,0.1317,0.1360,0.2665,0.1630,0.1942,0.1198,0.1593,0.1306,0.1261,0.1271,0.1357,0.1390,0.2399,0.1413,0.2042,0.1788,0.3165,0.1377,0.1204,0.1689,0.1322,0.1502,0.1249,0.1554,0.1029,0.2659,0.1386,0.1245,0.1757,0.3192,0.1389,0.1331,0.1619,0.1067,0.2513,0.1903,0.1323,0.1182,0.1545,0.1216,0.1354,0.1193,0.0985,0.1404,0.1521,0.1301,0.1184,0.2915,0.1296,0.1280,0.1247,
ENTROPY_TRAIN = [3.5493,3.7981,3.0039,3.7017,3.2851,3.7178,3.5994,3.6736,3.6268,3.4469,4.0663,2.6502,3.9802,3.6255,3.7584,3.9720,2.8599,3.3608,3.7171,3.7938,3.7656,3.8415,4.2062,4.1708,3.7267,3.7656,3.3969,3.3831,3.5608,3.8344
,3.9530,3.6293,3.7204,3.6572,3.2400,3.6775,3.7867,4.0784,3.3349,3.3847,3.6392,3.8553,4.0883,3.7899,3.7300,4.0323,3.7551,3.7116,4.0803,3.7087,3.3503,4.1921,3.9120,4.2231,3.6369,3.8613,2.8181,3.3568,3.6941,3.9687,3.5246,4.2544,3.7941,4.2469,4.0319,3.7070,3.8036,3.6664,3.8059,3.4549,3.4561,3.6966,4.0828,3.7164,4.1207,3.7310,3.4566,3.4856,3.6337,3.4495,3.6422,3.4122,3.5799,3.9177,3.6389,3.3273,3.2392,3.6153,3.5220,3.5315,3.7294,3.5073,3.8023,3.5680,2.2404,2.8579,3.8524,3.7704,3.2648,3.9206]
ENTROPY_TEST = [4.0062,4.3523,3.3726,4.0137,3.3939,3.7529,4.0010,3.8320,3.6846,3.5006,4.2235,2.0961,4.5106,2.9993,3.5777,3.9840,4.3522,3.3235,4.0560,3.1718,4.0870,4.1827,4.7092,4.6981,2.7257,3.8777,3.4430,2.9588,3.6523,3.3646,4.1640,3.8215,3.7279,3.2893,3.1350,4.1059,3.6182,4.4783,3.2022,3.4687,4.0914,4.5639,4.2308,4.1185,3.9573,4.3008,3.8236,4.0693,4.1588,4.1880,3.6247,4.5395,3.9669,4.5081,4.0936,3.8014,2.0139,2.6116,3.6158,4.0218,3.2765,4.5864,3.9782,4.4737,3.9834,4.2697,3.3768,2.5851,4.2365,3.2746,3.5704,3.3970,4.2317,2.9609,4.3079,3.4505,3.4141,3.0465,3.8053,1.9916,3.8810,3.6043,3.8697,3.9792,3.7992,3.0023,2.5706,4.0313,3.6655,3.6749,3.7021,2.8899,3.9807,3.9304,2.1058,3.3729,3.3417,3.9245,3.7027,3.7002]


(2018-05-17): NOISE_ADDED
<NETWORK>:
model_type: 		TANH,
hid: 			10,
h_hid: 			20
n_attractor_iterations: 0,
attractor_dynamics: 	projection2
attractor_noise_level: 	0.5
attractor_noise_type: 	bernoilli
attractor_regu-n: 	l2_regularization(lambda:0.0)
TRAIN/TEST_SIZE: 	256/768, 512, 1024, SEQ_LEN: 10
<RESULTS>:
type: 			mean: 	 var: 	
saved_train_acc 	1.0000 	 0.0000

TRAIN:1.0,1.0,1.0,1.0,1.0,1.0,1.0,1.0,1.0,1.0,1.0,1.0,1.0,1.0,1.0,1.0,1.0,1.0,1.0,1.0,1.0,1.0,1.0,1.0,1.0,1.0,1.0,1.0,1.0,1.0,1.0,1.0,1.0,1.0,1.0,1.0,1.0,1.0,1.0,1.0,1.0,1.0,1.0,1.0,1.0,1.0,1.0,1.0,1.0,1.0,1.0,1.0,1.0,1.0,1.0,1.0,1.0,1.0,1.0,1.0,1.0,1.0,1.0,1.0,1.0,1.0,1.0,1.0,1.0,1.0,1.0,1.0,1.0,1.0,1.0,1.0,1.0,1.0,1.0,1.0,1.0,1.0,1.0,1.0,1.0,1.0,1.0,1.0,1.0,1.0,1.0,1.0,1.0,1.0,1.0,1.0,1.0,1.0,1.0,1.0
TEST:0.809,0.579,0.784,0.923,0.928,0.701,0.757,0.741,0.836,0.870,0.936,0.826,0.901,0.706,0.852,0.711,0.918,0.749,0.947,0.915,0.781,0.987,0.702,0.803,0.678,0.876,0.875,0.792,0.758,0.878,0.848,0.788,0.908,0.887,0.956,0.893,0.854,0.893,0.915,0.948,0.958,0.901,0.780,0.887,0.928,0.771,0.828,0.868,0.947,0.797,0.764,0.945,0.770,0.878,0.908,0.872,0.858,0.768,0.918,0.962,0.934,0.853,0.960,0.923,0.829,0.861,0.915,0.742,0.712,0.908,0.918,0.948,0.799,0.940,0.674,0.949,0.839,0.892,0.892,0.979,0.716,0.975,0.723,0.824,0.792,0.893,0.876,0.982,0.982,0.745,0.790,0.921,0.956,0.936,0.849,0.812,0.677,0.977,0.779,0.812,
ATT_LOSS:1.0000,1.0000,1.0000,1.0000,1.0000,1.0000,1.0000,1.0000,1.0000,1.0000,1.0000,1.0000,1.0000,1.0000,1.0000,1.0000,1.0000,1.0000,1.0000,1.0000,1.0000,1.0000,1.0000,1.0000,1.0000,1.0000,1.0000,1.0000,1.0000,1.0000,1.0000,1.0000,1.0000,1.0000,1.0000,1.0000,1.0000,1.0000,1.0000,1.0000,1.0000,1.0000,1.0000,1.0000,1.0000,1.0000,1.0000,1.0000,1.0000,1.0000,1.0000,1.0000,1.0000,1.0000,1.0000,1.0000,1.0000,1.0000,1.0000,1.0000,1.0000,1.0000,1.0000,1.0000,1.0000,1.0000,1.0000,1.0000,1.0000,1.0000,1.0000,1.0000,1.0000,1.0000,1.0000,1.0000,1.0000,1.0000,1.0000,1.0000,1.0000,1.0000,1.0000,1.0000,1.0000,1.0000,1.0000,1.0000,1.0000,1.0000,1.0000,1.0000,1.0000,1.0000,1.0000,1.0000,1.0000,1.0000,1.0000,1.0000,
ENTROPY_TRAIN = [3.5378,3.4972,3.4205,3.9593,3.7857,3.7700,3.6309,3.6092,3.5909,3.7140,3.1618,3.2751,3.6320,3.2985,3.4445,3.4898,3.6183,3.5459,3.6725,3.5952,3.9972,3.4124,2.9389,3.2018,2.9709,4.0840,3.5480,3.3060,3.2644,3.6106,3.1625,3.5134,3.8842,3.4801,3.4843,3.7407,3.0813,3.3502,3.6860,3.6960,3.6593,3.4149,3.4863,3.0508,3.6803,3.3539,3.8434,3.4464,4.2671,3.2960,3.5845,3.5272,3.4125,3.4247,3.7653,3.4321,3.5008,2.9442,3.5349,3.2839,3.9940,3.3711,3.0321,2.9542,3.6410,3.2802,3.4186,3.7353,3.4465,3.7222,3.7350,3.4110,3.9617,3.6624,3.4643,3.4796,3.3067,3.2056,3.8744,3.7036,3.6394,3.1555,3.5133,3.5886,3.4444,3.4993,3.4488,3.7581,3.7770,3.6979,3.3803,3.7758,3.6457,3.7903,2.5681,3.6877,3.0630,3.1613,3.5011,3.6966]
ENTROPY_TEST = [4.0842,2.7290,3.8389,3.9817,4.3094,4.7275,3.9078,3.6850,4.2570,4.4667,4.3908,4.0326,4.3192,3.3951,4.3631,4.0001,4.5680,3.8572,4.5523,4.8384,4.9431,4.2620,3.0179,3.7404,2.9666,4.6642,4.1152,3.5162,3.5879,4.2215,3.5447,4.0921,4.7201,4.3363,4.0370,3.9806,3.2733,3.8864,4.6046,4.0524,4.0548,4.1057,3.9190,3.4432,4.2406,3.2195,4.3468,4.2849,4.4729,3.8050,4.2062,4.0568,3.2203,3.6829,4.5098,4.3375,4.1678,3.3922,4.7318,4.2136,4.6663,4.2471,3.5608,3.5533,4.3212,3.7768,3.1531,3.9194,3.3413,4.5160,4.3461,4.1559,4.6401,4.4727,3.2067,3.9830,4.0559,3.6574,4.4791,4.3932,3.8600,4.1190,3.8268,4.3363,3.4616,4.2908,4.2842,4.2131,4.2470,4.2547,3.9952,4.7280,4.5823,3.7270,3.5202,4.3461,3.2396,3.8446,3.5247,4.2527]


